Start: 3.761000 ---> End 5.642000 
Start: 7.732000 ---> End 8.651000 
Start: 12.078000 ---> End 13.875000 
Start: 16.048000 ---> End 21.606000 
